(-333.0, 19.2, -147.0) (0.0, 0.0, 0.0, 1.0)
(-365.8, 19.2, -105.5) (0.0, 0.0, 0.0, 1.0)
(-388.1, 19.1, -80.8) (0.0, 0.0, 0.0, 1.0)
(-401.8, 19.2, -50.7) (0.0, 0.0, 0.0, 1.0)
(-433.0, 19.2, -4.3) (0.0, 0.0, 0.0, 1.0)
(-519.8, 19.2, 115.7) (0.0, 0.0, 0.0, 1.0)
(-556.6, 19.2, 166.5) (0.0, 0.0, 0.0, 1.0)
(-575.6, 19.2, 198.5) (0.0, 0.0, 0.0, 1.0)
(-592.1, 19.2, 263.4) (0.0, 0.0, 0.0, 1.0)
(-575.5, 19.2, 77.0) (0.0, 0.0, 0.0, 1.0)
(-636.3, 19.2, 30.0) (0.0, 0.0, 0.0, 1.0)
(-650.3, 19.2, 51.0) (0.0, 0.0, 0.0, 1.0)
(-699.5, 19.2, -2.5) (0.0, 0.0, 0.0, 1.0)
(-655.8, 19.2, 216.4) (0.0, 0.0, 0.0, 1.0)
(-719.5, 19.2, 166.0) (0.0, 0.0, 0.0, 1.0)
(-755.3, 19.2, 137.6) (0.0, 0.0, 0.0, 1.0)
(-816.8, 19.2, 84.9) (0.0, 0.0, 0.0, 1.0)
(-928.7, 19.2, 119.2) (0.0, 0.0, 0.0, 1.0)
(-1004.4, 19.2, 163.5) (0.0, 0.0, 0.0, 1.0)
(-1067.4, 19.2, 178.6) (0.0, 0.3, 0.0, 1.0)
(-1007.6, 19.2, 246.1) (0.0, 0.1, 0.0, 1.0)
(-710.0, 19.2, -167.9) (0.0, 0.0, 0.0, 1.0)
(-778.3, 19.2, -215.3) (0.0, 0.0, 0.0, 1.0)
(-849.9, 19.2, -257.4) (0.0, 0.0, 0.0, 1.0)
(-929.5, 19.2, -297.3) (0.0, 0.0, 0.0, 1.0)
(-1622.9, 19.2, -555.9) (0.0, 0.0, 0.0, 1.0)
(-1757.8, 19.2, -592.0) (0.0, 0.0, 0.0, 1.0)
(-1868.4, 19.2, -591.1) (0.0, 0.0, 0.0, 1.0)
(-1906.1, 19.2, -479.6) (0.0, 0.0, 0.0, 1.0)
(-1593.0, 19.2, -533.0) (0.0, 0.5, 0.0, 0.9)
(-1693.2, 19.2, -566.8) (0.0, -0.5, 0.0, 0.9)
(-1905.0, 19.2, -519.0) (0.0, 0.5, 0.0, 0.9)
(-1825.0, 19.2, -361.0) (0.0, 0.9, 0.0, 0.5)
(-933.0, 19.2, -423.0) (0.0, 0.5, 0.0, 0.9)
(-1076.0, 19.2, -440.9) (0.0, -0.2, 0.0, 1.0)
(-1029.3, 19.2, -422.6) (0.0, -0.2, 0.0, 1.0)
(-981.5, 19.2, -403.9) (0.0, -0.2, 0.0, 1.0)
(-988.6, 19.2, -443.1) (0.0, -0.2, 0.0, 1.0)
(-1034.0, 19.2, -462.4) (0.0, -0.2, 0.0, 1.0)
(-1083.2, 19.2, -476.1) (0.0, -0.2, 0.0, 1.0)
(-1024.0, 19.2, -486.0) (0.0, -0.2, 0.0, 1.0)
(-978.6, 19.2, -466.7) (0.0, -0.2, 0.0, 1.0)
(-1073.2, 19.2, -499.7) (0.0, -0.2, 0.0, 1.0)
(-1063.9, 19.2, -528.3) (0.0, -0.2, 0.0, 1.0)
(-1014.7, 19.2, -510.5) (0.0, -0.2, 0.0, 1.0)
(-933.1, 19.2, -486.5) (0.0, -0.5, 0.0, 0.9)
(-961.3, 19.2, -528.2) (0.0, -0.5, 0.0, 0.9)
(-1004.6, 19.2, -562.0) (0.0, -0.2, 0.0, 1.0)
(-1058.7, 19.2, -573.5) (0.0, 0.0, 0.0, 1.0)
(-1149.3, 19.2, -569.1) (0.0, 0.0, 0.0, 1.0)
(-1217.9, 19.2, -564.8) (0.0, 0.0, 0.0, 1.0)
(-1144.1, 19.2, -536.6) (0.0, 0.0, 0.0, 1.0)
(-1192.7, 19.2, -536.1) (0.0, 0.0, 0.0, 1.0)
(-1145.7, 19.2, -496.6) (0.0, -0.1, 0.0, 1.0)
(-1194.5, 19.2, -507.1) (0.0, -0.1, 0.0, 1.0)
(-1153.0, 19.2, -461.0) (0.0, -0.1, 0.0, 1.0)
(-1202.0, 19.2, -474.0) (0.0, -0.1, 0.0, 1.0)
(-1248.0, 19.2, -482.0) (0.0, -0.1, 0.0, 1.0)
(-1211.0, 19.2, -430.0) (0.0, -0.1, 0.0, 1.0)
(-1163.0, 19.2, -418.0) (0.0, -0.1, 0.0, 1.0)
(-1257.0, 19.2, -439.0) (0.0, -0.1, 0.0, 1.0)
(-1218.0, 19.2, -399.0) (0.0, -0.1, 0.0, 1.0)
(-1168.4, 19.2, -390.8) (0.0, -0.1, 0.0, 1.0)
(-1265.0, 19.2, -405.0) (0.0, -0.1, 0.0, 1.0)
(-1226.5, 19.2, -357.5) (0.0, -0.1, 0.0, 1.0)
(-1177.7, 19.2, -347.0) (0.0, -0.1, 0.0, 1.0)
(-1272.8, 19.2, -367.4) (0.0, -0.1, 0.0, 1.0)
(-1330.0, 19.2, -375.9) (0.0, 0.0, 0.0, 1.0)
(-1379.0, 19.2, -378.0) (0.0, 0.0, 0.0, 1.0)
(-1426.0, 19.2, -382.0) (0.0, 0.0, 0.0, 1.0)
(-1371.0, 19.2, -452.0) (0.0, 0.0, 0.0, 1.0)
(-1322.0, 19.2, -447.0) (0.0, -0.1, 0.0, 1.0)
(-1418.0, 19.2, -455.0) (0.0, 0.0, 0.0, 1.0)
(-1328.4, 19.2, -417.7) (0.0, -0.1, 0.0, 1.0)
(-1367.2, 19.2, -496.9) (0.0, 0.0, 0.0, 1.0)
(-1318.3, 19.2, -487.9) (0.0, -0.1, 0.0, 1.0)
(-1414.1, 19.2, -499.3) (0.0, 0.0, 0.0, 1.0)
(-1364.4, 19.2, -563.3) (0.0, 0.0, 0.0, 1.0)
(-1310.5, 19.2, -567.5) (0.0, 0.0, 0.0, 1.0)
(-1420.5, 19.2, -562.7) (0.0, 0.0, 0.0, 1.0)
(-1324.9, 19.2, -531.2) (0.0, 0.0, 0.0, 1.0)
(-1604.0, 19.2, -467.0) (0.0, 0.0, 0.0, 1.0)
(-1562.0, 19.2, -432.0) (0.0, 0.0, 0.0, 1.0)
(-1549.0, 19.2, -459.0) (0.0, 0.0, 0.0, 1.0)
(-1494.2, 19.2, -458.5) (0.0, 0.0, 0.0, 1.0)
(-1501.2, 19.2, -425.8) (0.0, 0.0, 0.0, 1.0)
(-1624.0, 19.2, -434.0) (0.0, 0.0, 0.0, 1.0)
(-1564.0, 19.2, -375.0) (0.0, 0.0, 0.0, 1.0)
(-1509.0, 19.2, -379.0) (0.0, 0.0, 0.0, 1.0)
(-1618.0, 19.2, -376.0) (0.0, 0.0, 0.0, 1.0)
(-1659.0, 19.2, -464.0) (0.0, 0.0, 0.0, 1.0)
(-1668.0, 19.2, -402.0) (0.0, -0.3, 0.0, 1.0)
(-1696.0, 19.2, -447.0) (0.0, -0.7, 0.0, 0.7)
(-1222.2, 19.2, -279.7) (0.0, -0.1, 0.0, 1.0)
(-1268.5, 19.2, -289.6) (0.0, -0.1, 0.0, 1.0)
(-1228.5, 19.2, -250.4) (0.0, -0.1, 0.0, 1.0)
(-1274.8, 19.2, -260.3) (0.0, -0.1, 0.0, 1.0)
(-1275.0, 19.2, -227.3) (0.0, -0.1, 0.0, 1.0)
(-1228.8, 19.2, -216.6) (0.0, -0.1, 0.0, 1.0)
(-1274.9, 19.2, -197.5) (0.0, -0.1, 0.0, 1.0)
(-1228.9, 19.2, -186.0) (0.0, -0.1, 0.0, 1.0)
(-1269.4, 19.2, -167.7) (0.0, -0.1, 0.0, 1.0)
(-1224.6, 19.2, -150.7) (0.0, -0.1, 0.0, 1.0)
(-1178.1, 19.2, -137.0) (0.0, -0.1, 0.0, 1.0)
(-1230.9, 19.2, -121.3) (0.0, -0.1, 0.0, 1.0)
(-1277.6, 19.2, -129.6) (0.0, -0.1, 0.0, 1.0)
(-1185.1, 19.2, -104.5) (0.0, -0.1, 0.0, 1.0)
(-1227.3, 19.2, -80.4) (0.0, -0.2, 0.0, 1.0)
(-1271.2, 19.2, -96.6) (0.0, -0.2, 0.0, 1.0)
(-1181.1, 19.2, -61.4) (0.0, -0.2, 0.0, 1.0)
(-1226.4, 19.2, -41.9) (0.0, -0.2, 0.0, 1.0)
(-1270.4, 19.2, -57.4) (0.0, -0.2, 0.0, 1.0)
(-1179.3, 19.2, -25.7) (0.0, -0.2, 0.0, 1.0)
(-1387.3, 19.2, -106.7) (0.0, -0.2, 0.0, 1.0)
(-1434.8, 19.2, -115.5) (0.0, -0.1, 0.0, 1.0)
(-1340.9, 19.2, -87.2) (0.0, -0.2, 0.0, 1.0)
(-1343.4, 19.2, -138.0) (0.0, 0.0, 0.0, 1.0)
(-1397.1, 19.2, -142.2) (0.0, 0.0, 0.0, 1.0)
(-1347.0, 19.2, -176.9) (0.0, 0.0, 0.0, 1.0)
(-1394.4, 19.2, -182.9) (0.0, 0.0, 0.0, 1.0)
(-1391.7, 19.2, -208.8) (0.0, 0.0, 0.0, 1.0)
(-1344.2, 19.2, -207.6) (0.0, 0.0, 0.0, 1.0)
(-1391.1, 19.2, -238.3) (0.0, 0.0, 0.0, 1.0)
(-1343.6, 19.2, -238.1) (0.0, 0.0, 0.0, 1.0)
(-1390.4, 19.2, -272.8) (0.0, 0.0, 0.0, 1.0)
(-1342.6, 19.2, -271.0) (0.0, 0.0, 0.0, 1.0)
(-1387.8, 19.2, -302.4) (0.0, 0.0, 0.0, 1.0)
(-1340.0, 19.2, -300.6) (0.0, 0.0, 0.0, 1.0)
(-1434.0, 19.2, -289.0) (0.0, 0.7, 0.0, 0.7)
(-1435.0, 19.2, -223.0) (0.0, 0.7, 0.0, 0.7)
(-1436.0, 19.2, -169.0) (0.0, 0.7, 0.0, 0.7)
(-1186.0, 19.2, -261.0) (0.0, 0.7, 0.0, 0.7)
(-1176.8, 19.2, -194.6) (0.0, 0.7, 0.0, 0.7)
(-1131.0, 19.2, -364.0) (0.0, 0.6, 0.0, 0.8)
(-1296.2, 19.2, -15.1) (0.0, -0.4, 0.0, 0.9)
(-1263.8, 19.2, 21.9) (0.0, -0.4, 0.0, 0.9)
(-1231.5, 19.2, 58.7) (0.0, -0.4, 0.0, 0.9)
(-1289.0, 19.2, 49.1) (0.0, -0.4, 0.0, 0.9)
(-1321.4, 19.2, 12.1) (0.0, -0.4, 0.0, 0.9)
(-1256.7, 19.2, 85.9) (0.0, -0.4, 0.0, 0.9)
(-1293.0, 19.2, 98.4) (0.0, -0.4, 0.0, 0.9)
(-1325.3, 19.2, 61.6) (0.0, -0.4, 0.0, 0.9)
(-1313.6, 19.2, 116.5) (0.0, -0.4, 0.0, 0.9)
(-1345.9, 19.2, 79.7) (0.0, -0.4, 0.0, 0.9)
(-1333.7, 19.2, 134.2) (0.0, -0.4, 0.0, 0.9)
(-1366.0, 19.2, 97.4) (0.0, -0.4, 0.0, 0.9)
(-1358.1, 19.2, 155.6) (0.0, -0.4, 0.0, 0.9)
(-1390.4, 19.2, 118.8) (0.0, -0.4, 0.0, 0.9)
(-1447.5, 19.2, 43.8) (0.0, -0.4, 0.0, 0.9)
(-1479.8, 19.2, 7.0) (0.0, -0.4, 0.0, 0.9)
(-1454.8, 19.2, -14.9) (0.0, -0.4, 0.0, 0.9)
(-1422.5, 19.2, 21.9) (0.0, -0.4, 0.0, 0.9)
(-1433.4, 19.2, -33.7) (0.0, -0.4, 0.0, 0.9)
(-1401.1, 19.2, 3.1) (0.0, -0.4, 0.0, 0.9)
(-1412.2, 19.2, -52.3) (0.0, -0.4, 0.0, 0.9)
(-1379.9, 19.2, -15.5) (0.0, -0.4, 0.0, 0.9)
(-1488.0, 19.2, -52.0) (0.0, -0.4, 0.0, 0.9)
(-1514.0, 19.2, -29.0) (0.0, -0.4, 0.0, 0.9)
(-1468.0, 19.2, -69.0) (0.0, -0.4, 0.0, 0.9)
(-1542.0, 19.2, -153.0) (0.0, -0.4, 0.0, 0.9)
(-1577.0, 19.2, -192.0) (0.0, -0.4, 0.0, 0.9)
(-1553.0, 19.2, -213.0) (0.0, -0.4, 0.0, 0.9)
(-1518.0, 19.2, -174.0) (0.0, -0.4, 0.0, 0.9)
(-1583.0, 19.2, -160.0) (0.0, -0.4, 0.0, 0.9)
(-1549.8, 19.2, -122.9) (0.0, -0.4, 0.0, 0.9)
(-1669.0, 19.2, -255.0) (0.0, -0.4, 0.0, 0.9)
(-1635.8, 19.2, -217.9) (0.0, -0.4, 0.0, 0.9)
(-1769.0, 19.2, -355.0) (0.0, -0.4, 0.0, 0.9)
(-1735.8, 19.2, -317.9) (0.0, -0.4, 0.0, 0.9)
(-1757.8, 19.2, -280.9) (0.0, -0.4, 0.0, 0.9)
(-1791.0, 19.2, -318.0) (0.0, -0.4, 0.0, 0.9)
(-1665.0, 19.2, -188.0) (0.0, -0.4, 0.0, 0.9)
(-1698.2, 19.2, -225.1) (0.0, -0.4, 0.0, 0.9)
(-1572.8, 19.2, -94.9) (0.0, -0.4, 0.0, 0.9)
(-1606.0, 19.2, -132.0) (0.0, -0.4, 0.0, 0.9)
(-1599.0, 19.2, -302.0) (0.0, 0.0, 0.0, 1.0)
(-1544.0, 19.2, -306.0) (0.0, 0.0, 0.0, 1.0)
(-1597.0, 19.2, -267.0) (0.0, 0.0, 0.0, 1.0)
(-1542.0, 19.2, -271.0) (0.0, 0.0, 0.0, 1.0)
(-333.0, 19.2, -147.0) (0.0, 0.0, 0.0, 1.0)
(-365.8, 19.2, -105.5) (0.0, 0.0, 0.0, 1.0)
(-388.1, 19.1, -80.8) (0.0, 0.0, 0.0, 1.0)
(-401.8, 19.2, -50.7) (0.0, 0.0, 0.0, 1.0)
(-433.0, 19.2, -4.3) (0.0, 0.0, 0.0, 1.0)
(-519.8, 19.2, 115.7) (0.0, 0.0, 0.0, 1.0)
(-556.6, 19.2, 166.5) (0.0, 0.0, 0.0, 1.0)
(-575.6, 19.2, 198.5) (0.0, 0.0, 0.0, 1.0)
(-592.1, 19.2, 263.4) (0.0, 0.0, 0.0, 1.0)
(-575.5, 19.2, 77.0) (0.0, 0.0, 0.0, 1.0)
(-636.3, 19.2, 30.0) (0.0, 0.0, 0.0, 1.0)
(-650.3, 19.2, 51.0) (0.0, 0.0, 0.0, 1.0)
(-699.5, 19.2, -2.5) (0.0, 0.0, 0.0, 1.0)
(-655.8, 19.2, 216.4) (0.0, 0.0, 0.0, 1.0)
(-719.5, 19.2, 166.0) (0.0, 0.0, 0.0, 1.0)
(-755.3, 19.2, 137.6) (0.0, 0.0, 0.0, 1.0)
(-816.8, 19.2, 84.9) (0.0, 0.0, 0.0, 1.0)
(-928.7, 19.2, 119.2) (0.0, 0.0, 0.0, 1.0)
(-1004.4, 19.2, 163.5) (0.0, 0.0, 0.0, 1.0)
(-1067.4, 19.2, 178.6) (0.0, 0.3, 0.0, 1.0)
(-1007.6, 19.2, 246.1) (0.0, 0.1, 0.0, 1.0)
(-710.0, 19.2, -167.9) (0.0, 0.0, 0.0, 1.0)
(-778.3, 19.2, -215.3) (0.0, 0.0, 0.0, 1.0)
(-849.9, 19.2, -257.4) (0.0, 0.0, 0.0, 1.0)
(-929.5, 19.2, -297.3) (0.0, 0.0, 0.0, 1.0)
(-1622.9, 19.2, -555.9) (0.0, 0.0, 0.0, 1.0)
(-1757.8, 19.2, -592.0) (0.0, 0.0, 0.0, 1.0)
(-1868.4, 19.2, -591.1) (0.0, 0.0, 0.0, 1.0)
(-1906.1, 19.2, -479.6) (0.0, 0.0, 0.0, 1.0)
(-1593.0, 19.2, -533.0) (0.0, 0.5, 0.0, 0.9)
(-1693.2, 19.2, -566.8) (0.0, -0.5, 0.0, 0.9)
(-1905.0, 19.2, -519.0) (0.0, 0.5, 0.0, 0.9)
(-1825.0, 19.2, -361.0) (0.0, 0.9, 0.0, 0.5)
(-933.0, 19.2, -423.0) (0.0, 0.5, 0.0, 0.9)
(-1076.0, 19.2, -440.9) (0.0, -0.2, 0.0, 1.0)
(-1029.3, 19.2, -422.6) (0.0, -0.2, 0.0, 1.0)
(-981.5, 19.2, -403.9) (0.0, -0.2, 0.0, 1.0)
(-988.6, 19.2, -443.1) (0.0, -0.2, 0.0, 1.0)
(-1034.0, 19.2, -462.4) (0.0, -0.2, 0.0, 1.0)
(-1083.2, 19.2, -476.1) (0.0, -0.2, 0.0, 1.0)
(-1024.0, 19.2, -486.0) (0.0, -0.2, 0.0, 1.0)
(-978.6, 19.2, -466.7) (0.0, -0.2, 0.0, 1.0)
(-1073.2, 19.2, -499.7) (0.0, -0.2, 0.0, 1.0)
(-1063.9, 19.2, -528.3) (0.0, -0.2, 0.0, 1.0)
(-1014.7, 19.2, -510.5) (0.0, -0.2, 0.0, 1.0)
(-933.1, 19.2, -486.5) (0.0, -0.5, 0.0, 0.9)
(-961.3, 19.2, -528.2) (0.0, -0.5, 0.0, 0.9)
(-1004.6, 19.2, -562.0) (0.0, -0.2, 0.0, 1.0)
(-1058.7, 19.2, -573.5) (0.0, 0.0, 0.0, 1.0)
(-1149.3, 19.2, -569.1) (0.0, 0.0, 0.0, 1.0)
(-1217.9, 19.2, -564.8) (0.0, 0.0, 0.0, 1.0)
(-1144.1, 19.2, -536.6) (0.0, 0.0, 0.0, 1.0)
(-1192.7, 19.2, -536.1) (0.0, 0.0, 0.0, 1.0)
(-1145.7, 19.2, -496.6) (0.0, -0.1, 0.0, 1.0)
(-1194.5, 19.2, -507.1) (0.0, -0.1, 0.0, 1.0)
(-1153.0, 19.2, -461.0) (0.0, -0.1, 0.0, 1.0)
(-1202.0, 19.2, -474.0) (0.0, -0.1, 0.0, 1.0)
(-1248.0, 19.2, -482.0) (0.0, -0.1, 0.0, 1.0)
(-1211.0, 19.2, -430.0) (0.0, -0.1, 0.0, 1.0)
(-1163.0, 19.2, -418.0) (0.0, -0.1, 0.0, 1.0)
(-1257.0, 19.2, -439.0) (0.0, -0.1, 0.0, 1.0)
(-1218.0, 19.2, -399.0) (0.0, -0.1, 0.0, 1.0)
(-1168.4, 19.2, -390.8) (0.0, -0.1, 0.0, 1.0)
(-1265.0, 19.2, -405.0) (0.0, -0.1, 0.0, 1.0)
(-1226.5, 19.2, -357.5) (0.0, -0.1, 0.0, 1.0)
(-1177.7, 19.2, -347.0) (0.0, -0.1, 0.0, 1.0)
(-1272.8, 19.2, -367.4) (0.0, -0.1, 0.0, 1.0)
(-1330.0, 19.2, -375.9) (0.0, 0.0, 0.0, 1.0)
(-1379.0, 19.2, -378.0) (0.0, 0.0, 0.0, 1.0)
(-1426.0, 19.2, -382.0) (0.0, 0.0, 0.0, 1.0)
(-1371.0, 19.2, -452.0) (0.0, 0.0, 0.0, 1.0)
(-1322.0, 19.2, -447.0) (0.0, -0.1, 0.0, 1.0)
(-1418.0, 19.2, -455.0) (0.0, 0.0, 0.0, 1.0)
(-1328.4, 19.2, -417.7) (0.0, -0.1, 0.0, 1.0)
(-1367.2, 19.2, -496.9) (0.0, 0.0, 0.0, 1.0)
(-1318.3, 19.2, -487.9) (0.0, -0.1, 0.0, 1.0)
(-1414.1, 19.2, -499.3) (0.0, 0.0, 0.0, 1.0)
(-1364.4, 19.2, -563.3) (0.0, 0.0, 0.0, 1.0)
(-1310.5, 19.2, -567.5) (0.0, 0.0, 0.0, 1.0)
(-1420.5, 19.2, -562.7) (0.0, 0.0, 0.0, 1.0)
(-1324.9, 19.2, -531.2) (0.0, 0.0, 0.0, 1.0)
(-1604.0, 19.2, -467.0) (0.0, 0.0, 0.0, 1.0)
(-1562.0, 19.2, -432.0) (0.0, 0.0, 0.0, 1.0)
(-1549.0, 19.2, -459.0) (0.0, 0.0, 0.0, 1.0)
(-1494.2, 19.2, -458.5) (0.0, 0.0, 0.0, 1.0)
(-1501.2, 19.2, -425.8) (0.0, 0.0, 0.0, 1.0)
(-1624.0, 19.2, -434.0) (0.0, 0.0, 0.0, 1.0)
(-1564.0, 19.2, -375.0) (0.0, 0.0, 0.0, 1.0)
(-1509.0, 19.2, -379.0) (0.0, 0.0, 0.0, 1.0)
(-1618.0, 19.2, -376.0) (0.0, 0.0, 0.0, 1.0)
(-1659.0, 19.2, -464.0) (0.0, 0.0, 0.0, 1.0)
(-1668.0, 19.2, -402.0) (0.0, -0.3, 0.0, 1.0)
(-1696.0, 19.2, -447.0) (0.0, -0.7, 0.0, 0.7)
(-1222.2, 19.2, -279.7) (0.0, -0.1, 0.0, 1.0)
(-1268.5, 19.2, -289.6) (0.0, -0.1, 0.0, 1.0)
(-1228.5, 19.2, -250.4) (0.0, -0.1, 0.0, 1.0)
(-1274.8, 19.2, -260.3) (0.0, -0.1, 0.0, 1.0)
(-1275.0, 19.2, -227.3) (0.0, -0.1, 0.0, 1.0)
(-1228.8, 19.2, -216.6) (0.0, -0.1, 0.0, 1.0)
(-1274.9, 19.2, -197.5) (0.0, -0.1, 0.0, 1.0)
(-1228.9, 19.2, -186.0) (0.0, -0.1, 0.0, 1.0)
(-1269.4, 19.2, -167.7) (0.0, -0.1, 0.0, 1.0)
(-1224.6, 19.2, -150.7) (0.0, -0.1, 0.0, 1.0)
(-1178.1, 19.2, -137.0) (0.0, -0.1, 0.0, 1.0)
(-1230.9, 19.2, -121.3) (0.0, -0.1, 0.0, 1.0)
(-1277.6, 19.2, -129.6) (0.0, -0.1, 0.0, 1.0)
(-1185.1, 19.2, -104.5) (0.0, -0.1, 0.0, 1.0)
(-1227.3, 19.2, -80.4) (0.0, -0.2, 0.0, 1.0)
(-1271.2, 19.2, -96.6) (0.0, -0.2, 0.0, 1.0)
(-1181.1, 19.2, -61.4) (0.0, -0.2, 0.0, 1.0)
(-1226.4, 19.2, -41.9) (0.0, -0.2, 0.0, 1.0)
(-1270.4, 19.2, -57.4) (0.0, -0.2, 0.0, 1.0)
(-1179.3, 19.2, -25.7) (0.0, -0.2, 0.0, 1.0)
(-1387.3, 19.2, -106.7) (0.0, -0.2, 0.0, 1.0)
(-1434.8, 19.2, -115.5) (0.0, -0.1, 0.0, 1.0)
(-1340.9, 19.2, -87.2) (0.0, -0.2, 0.0, 1.0)
(-1343.4, 19.2, -138.0) (0.0, 0.0, 0.0, 1.0)
(-1397.1, 19.2, -142.2) (0.0, 0.0, 0.0, 1.0)
(-1347.0, 19.2, -176.9) (0.0, 0.0, 0.0, 1.0)
(-1394.4, 19.2, -182.9) (0.0, 0.0, 0.0, 1.0)
(-1391.7, 19.2, -208.8) (0.0, 0.0, 0.0, 1.0)
(-1344.2, 19.2, -207.6) (0.0, 0.0, 0.0, 1.0)
(-1391.1, 19.2, -238.3) (0.0, 0.0, 0.0, 1.0)
(-1343.6, 19.2, -238.1) (0.0, 0.0, 0.0, 1.0)
(-1390.4, 19.2, -272.8) (0.0, 0.0, 0.0, 1.0)
(-1342.6, 19.2, -271.0) (0.0, 0.0, 0.0, 1.0)
(-1387.8, 19.2, -302.4) (0.0, 0.0, 0.0, 1.0)
(-1340.0, 19.2, -300.6) (0.0, 0.0, 0.0, 1.0)
(-1434.0, 19.2, -289.0) (0.0, 0.7, 0.0, 0.7)
(-1435.0, 19.2, -223.0) (0.0, 0.7, 0.0, 0.7)
(-1436.0, 19.2, -169.0) (0.0, 0.7, 0.0, 0.7)
(-1186.0, 19.2, -261.0) (0.0, 0.7, 0.0, 0.7)
(-1176.8, 19.2, -194.6) (0.0, 0.7, 0.0, 0.7)
(-1131.0, 19.2, -364.0) (0.0, 0.6, 0.0, 0.8)
(-1296.2, 19.2, -15.1) (0.0, -0.4, 0.0, 0.9)
(-1263.8, 19.2, 21.9) (0.0, -0.4, 0.0, 0.9)
(-1231.5, 19.2, 58.7) (0.0, -0.4, 0.0, 0.9)
(-1289.0, 19.2, 49.1) (0.0, -0.4, 0.0, 0.9)
(-1321.4, 19.2, 12.1) (0.0, -0.4, 0.0, 0.9)
(-1256.7, 19.2, 85.9) (0.0, -0.4, 0.0, 0.9)
(-1293.0, 19.2, 98.4) (0.0, -0.4, 0.0, 0.9)
(-1325.3, 19.2, 61.6) (0.0, -0.4, 0.0, 0.9)
(-1313.6, 19.2, 116.5) (0.0, -0.4, 0.0, 0.9)
(-1345.9, 19.2, 79.7) (0.0, -0.4, 0.0, 0.9)
(-1333.7, 19.2, 134.2) (0.0, -0.4, 0.0, 0.9)
(-1366.0, 19.2, 97.4) (0.0, -0.4, 0.0, 0.9)
(-1358.1, 19.2, 155.6) (0.0, -0.4, 0.0, 0.9)
(-1390.4, 19.2, 118.8) (0.0, -0.4, 0.0, 0.9)
(-1447.5, 19.2, 43.8) (0.0, -0.4, 0.0, 0.9)
(-1479.8, 19.2, 7.0) (0.0, -0.4, 0.0, 0.9)
(-1454.8, 19.2, -14.9) (0.0, -0.4, 0.0, 0.9)
(-1422.5, 19.2, 21.9) (0.0, -0.4, 0.0, 0.9)
(-1433.4, 19.2, -33.7) (0.0, -0.4, 0.0, 0.9)
(-1401.1, 19.2, 3.1) (0.0, -0.4, 0.0, 0.9)
(-1412.2, 19.2, -52.3) (0.0, -0.4, 0.0, 0.9)
(-1379.9, 19.2, -15.5) (0.0, -0.4, 0.0, 0.9)
(-1488.0, 19.2, -52.0) (0.0, -0.4, 0.0, 0.9)
(-1514.0, 19.2, -29.0) (0.0, -0.4, 0.0, 0.9)
(-1468.0, 19.2, -69.0) (0.0, -0.4, 0.0, 0.9)
(-1542.0, 19.2, -153.0) (0.0, -0.4, 0.0, 0.9)
(-1577.0, 19.2, -192.0) (0.0, -0.4, 0.0, 0.9)
(-1553.0, 19.2, -213.0) (0.0, -0.4, 0.0, 0.9)
(-1518.0, 19.2, -174.0) (0.0, -0.4, 0.0, 0.9)
(-1583.0, 19.2, -160.0) (0.0, -0.4, 0.0, 0.9)
(-1549.8, 19.2, -122.9) (0.0, -0.4, 0.0, 0.9)
(-1669.0, 19.2, -255.0) (0.0, -0.4, 0.0, 0.9)
(-1635.8, 19.2, -217.9) (0.0, -0.4, 0.0, 0.9)
(-1769.0, 19.2, -355.0) (0.0, -0.4, 0.0, 0.9)
(-1735.8, 19.2, -317.9) (0.0, -0.4, 0.0, 0.9)
(-1757.8, 19.2, -280.9) (0.0, -0.4, 0.0, 0.9)
(-1791.0, 19.2, -318.0) (0.0, -0.4, 0.0, 0.9)
(-1665.0, 19.2, -188.0) (0.0, -0.4, 0.0, 0.9)
(-1698.2, 19.2, -225.1) (0.0, -0.4, 0.0, 0.9)
(-1572.8, 19.2, -94.9) (0.0, -0.4, 0.0, 0.9)
(-1606.0, 19.2, -132.0) (0.0, -0.4, 0.0, 0.9)
(-1599.0, 19.2, -302.0) (0.0, 0.0, 0.0, 1.0)
(-1544.0, 19.2, -306.0) (0.0, 0.0, 0.0, 1.0)
(-1597.0, 19.2, -267.0) (0.0, 0.0, 0.0, 1.0)
(-1542.0, 19.2, -271.0) (0.0, 0.0, 0.0, 1.0)
